2 7468 7678
1 2591
2 8227 5067
2 7227 1626
1 4796
2 7948 1190
2 2418 8727
1 7206
2 3202 7376
2 2736 8994
2 2573 5891
3 9927 9569 7105
1 4887
1 5982
2 8890 1880
1 1855
2 9459 6610
1 7110
1 8563
1 3560
2 7716 6753
1 6517
2 2660 3246
2 2176 820
3 1817 4476 1403
1 9287
2 9121 5071
2 8670 7433
2 4027 7813
2 1135 6527
2 5991 2939
2 2384 4471
2 7325 4818
1 5903
2 8967 4325
2 3647 7581
2 5480 2445
1 1000
2 5091 6441
1 1339
2 3539 8722
2 6544 8345
2 476 6600
1 7632
2 7013 978
2 3321 2528
2 306 2669
1 6686
2 2718 6018
1 2887
2 2053 4023
2 3654 1159
2 8088 9049
2 6321 4941
2 5983 7809
1 8824
1 492
2 8773 5226
2 8071 7600
2 3358 4557
4 8306 4390 7182 8013
2 1399 7458
2 1192 1344
1 2758
2 6190 3559
2 5441 5230
2 7575 8596
2 7804 8730
2 9954 1284
2 6377 4793
2 1376 8139
3 9377 6521 5449
1 4469
1 773
2 8303 9489
2 4646 1452
2 9483 3341
2 8965 3936
2 3760 218
2 4411 3491
2 4011 5059
1 9824
1 7025
1 180
1 9723
3 6039 2212 5272
1 1555
2 3608 9868
3 1067 3028 5618
3 4829 2346 9999
2 8192 7909
2 9925 2430
1 5968
2 3708 7061
4 563 8968 9451 8895
2 7444 3207
3 3578 7613 1015
3 6252 364 8330
2 8253 3111
2 719 9803
3 1178 1844 4181
1 7773
2 2288 2620
3 4679 3696 3638
1 5886
2 1381 4483
3 6879 5513 7264
2 9252 9520
2 9550 9359
2 9763 2951
2 4070 9515
2 4138 3507
2 9044 1114
2 3381 5578
2 872 6960
2 7122 3870
2 9251 9360
3 8184 1778 9530
2 7464 5478
3 8578 3709 9921
2 4528 1545
1 7621
2 8402 8753
2 3827 4778
3 2297 1563 8433
3 7147 2007 3185
2 4420 229
2 5553 6090
4 7355 7362 5597 7509
3 1208 3614 3755
2 1319 7760
2 7284 368
2 4006 4301
3 5649 23 7482
3 6591 389 5646
4 6912 6515 9750 7239
4 6031 8605 4052 9601
3 5444 1706 251
2 5371 4417
3 7109 9186 7522
3 6463 807 8625
3 7990 6665 8048
3 6403 873 7972
3 666 3824 437
3 9349 4736 1064
3 1803 5969 3388
3 311 1023 9693
2 2412 3861
4 8711 7015 1087 1662
3 7347 4329 1713
3 499 9346 2308
4 5332 8788 8119 1680
2 1146 2866
4 3147 1027 8397 995
2 1105 6834
4 3291 2486 2593 2491
2 4520 835
2 3225 5979
2 7075 766
3 9418 4022 6935
2 7684 8553
2 1246 1973
2 4868 6080
4 7506 5296 6520 3378
4 4467 5780 9048 3749
2 310 1140
2 4588 6143
2 7453 240
2 4838 8047
4 3362 3088 1131 2038
2 7913 1998
2 9249 4949
3 7108 1922 1956
3 1874 1061 1022
3 2015 3230 923
3 943 8070 6828
4 6583 0 5953 2090
5 7779 6238 3298 3887 2862
2 9019 1018
4 4717 8571 5950 7568
2 8719 9910
4 4644 9914 2463 3517
2 7346 2448
1 1546
1 2709
4 1529 641 722 8301
2 4317 3367
2 2177 7713
2 9740 1356
1 5254
2 2541 8000
2 1785 5573
3 5975 7767 8046
2 3729 3086
2 7655 9525
2 5985 5883
1 4604
3 8422 446 1507
1 2265
4 8758 2099 262 7053
2 8111 4321
3 7862 4048 89
5 9913 1002 233 594 3324
4 2751 174 2502 4189
2 3193 3288
4 9449 8878 5562 1562
5 6745 1143 5742 7519 638
2 6744 7432
4 4352 5281 9600 4922
4 9864 7383 3705 7368
5 1206 1695 4065 2693 4580
7 4948 2717 9579 5919 3252 5821 868
6 7379 1194 384 1427 4337 5775
4 8599 8982 3809 7833
6 4836 1037 613 5813 8606 4760
6 768 8546 5914 3272 6499 5084
6 908 3767 3161 3694 4191 2134
6 211 2944 2359 4361 6988 2851
7 1269 7196 4523 8245 9509 1751 1594
7 5245 2981 3751 1776 9519 1736 1682
6 4450 9436 4629 2812 605 3633
4 9372 1821 1118 3134
8 7891 5679 6319 7113 1670 6207 6911 8934
7 9985 8290 6208 408 7483 8929 5147
6 1433 3145 4559 4419 1478 562
6 549 39 6129 486 3312 6995
4 8679 1442 879 6226
8 5307 2171 1421 3508 1411 264 1439 1374
7 5721 379 798 3389 8340 2411 2363
7 6913 3739 1459 3774 9732 9840 6365
7 8792 8102 3986 1789 7835 5325 8278
6 6548 789 4810 8815 6509 8251
7 6076 9920 6855 388 2191 1586 4177
7 8373 8793 2343 2237 4500 7844 7042
7 6647 894 8200 2678 576 9663 9642
8 6150 9109 3163 2977 8886 9258 5705 8885
6 2112 2710 5498 9021 454 1652
10 3693 5295 1040 137 5317 6801 3635 6914 3504 7496
9 3334 3557 7534 5382 6382 5589 2481 3903 8122
8 3580 1676 7662 249 584 9528 31 2269
7 9289 8028 636 8632 2582 3890 2806
8 854 7609 693 8975 4465 3926 7997 3762
7 6200 8326 9636 7940 7218 7068 7771
7 6222 9754 5909 1016 8809 1642 6514
8 4435 6825 2777 7153 1763 4438 6060 5575
8 8950 5437 2649 7528 3516 9541 4005 7476
9 6293 6762 688 6692 350 7854 9986 3536 1708
9 9744 6541 7119 742 6904 8661 5533 7152 5784
9 7097 4255 799 4058 1610 5141 9301 4492 8654
8 7373 3030 6197 3650 3964 8946 2615 7904
10 6607 6547 5858 3027 8244 1959 7280 2747 5828 7343
10 7088 4214 6910 1286 4084 3178 6348 7753 7992 4185
8 8073 3833 9702 5954 5255 2654 8490 4600
8 3325 4068 5134 9848 1021 8762 8913 3586
10 1560 4709 3135 9462 4100 3515 4763 3337 5669 4614
6 8996 9686 3008 2825 6477 4812
8 9735 9563 5140 8348 7599 1289 4275 8080
8 9463 5377 5711 6333 2476 8031 4811 7899
10 7929 9613 4405 4744 318 4830 3552 8780 2298 6518
6 7957 1316 8958 9076 3620 4432
7 3778 6581 25 4373 4412 8581 1088
8 8173 457 9804 5851 6397 2125 3265 6032
8 4249 9229 5169 600 2619 6845 8430 6
6 8038 7778 905 4774 1426 6889
9 6735 1422 5557 4493 7680 9055 940 8319 9484
7 9817 8189 884 3315 9253 3733 6870
8 3530 8830 6298 4470 4950 9609 4936 1035
9 6430 6484 8035 9403 5343 6622 5344 3850 5225
9 2166 6740 9737 5864 767 6072 7275 3742 4127
9 7314 4636 881 4727 5997 7056 5561 8726 6390
9 3430 9090 4802 5593 7815 6015 4320 5190 8925
10 7561 6480 81 7635 5802 3297 129 5811 7146 8594
8 3311 2954 4135 7971 8568 5604 1385 302
7 7501 1513 589 1893 8276 1285 2544
8 474 9897 8520 6320 6114 8999 6124 2326
9 2074 9138 313 867 7703 9385 3330 6614 2172
8 864 3104 4698 2510 3091 712 3020 1615
6 2147 3061 5168 581 9865 4530
6 4043 71 5000 1216 5348 4393
6 3257 6560 819 258 8718 5973
6 643 8297 684 948 6170 8443
7 8204 852 2760 5639 7947 1882 6127
8 9503 415 9072 97 1666 9585 5776 5842
7 5658 6245 2896 5197 5910 2983 3931
8 3433 3566 1842 8077 1416 8240 4823 7784
10 5717 3758 4475 4939 9880 3689 8356 8230 2677 5159
10 1978 3055 3655 9845 8099 7176 5734 9231 5570 6322
9 7952 4913 6850 2805 7330 7658 9862 3702 1009
8 1186 7650 5635 5621 6894 440 4925 7601
9 6724 6327 6597 2882 6540 5556 4573 6158 5404
10 6965 9011 3669 494 7679 8394 5164 3957 4898 176
8 935 4772 9748 3810 9966 362 9533 4241
10 6645 7150 320 3438 687 3320 8473 5072 432 8196
9 1113 624 230 8819 7367 8935 18 8948 4399
8 622 1721 9548 2759 7050 1808 6152 1293
9 1970 8239 1177 7924 7711 8845 609 5138 2865
8 7438 3685 6387 5350 1533 6564 9257 7059
7 7988 3278 5479 5732 7930 1936 8215
6 723 7511 4015 438 2936 1288
6 6399 9658 6362 7127 2300 4122
8 7535 9474 5124 9687 9621 6217 1400 8949
8 2556 332 680 7037 8881 1481 7410 5471
8 5426 4819 3828 8254 1229 9760 2876 9608
9 6340 2480 5064 5008 9471 1108 1849 5334 8633
7 5764 1685 813 9245 2998 831 3836
9 507 5782 3439 5391 8357 6495 5346 3277 8900
9 7198 9071 6884 9929 8906 4572 776 6644 5376
11 6794 1512 4863 6907 7707 2214 952 6256 8341 6616 2609
8 5394 8029 524 5171 1940 2454 2499 7559
10 2589 6536 1046 3722 1709 6259 4172 9644 1322 3698
10 1102 5158 9836 8334 5211 4175 7497 1333 3848 6221
11 568 9313 285 3292 1428 6274 2630 6830 5294 7836 6505
11 2735 6173 212 550 7630 1947 588 3296 8061 2070 2853
10 7020 6244 8667 3232 8493 7782 8857 3676 592 548
12 726 4205 1430 3740 5021 3116 620 6543 2474 2858 7733 7766
11 1992 7816 2523 8620 155 9943 9381 8704 4991 1633 5179
11 5920 1949 4078 9810 194 946 5152 4051 1847 4069 5653
11 5887 2056 9160 209 183 7195 9672 5062 631 5412 3259
9 7329 7380 1326 7342 9232 6297 2549 329 5877
11 2026 1835 3138 2021 9649 4415 8759 5326 5683 2337 2820
14 5693 2695 3371 4507 7579 8892 4012 2768 6680 6225 3519 6311 1056 1858
9 4107 2857 6699 7536 2075 3624 7720 3741 8463
8 2132 2122 2684 1538 7200 301 9726 1473
8 493 5809 7556 1854 14 8389 784 7688
7 5815 1132 7510 5365 977 3492 5461
8 3990 7363 6793 9578 8153 1007 5198 5467
10 5868 5994 9392 3216 6416 3805 1582 1180 1367 3791
8 1228 9495 4584 9153 8471 5812 4844 6349
7 9084 657 4569 4439 6075 4281 7069
9 5662 4482 5222 6462 2984 984 7524 6104 3069
12 8458 8940 1363 2495 1561 5260 3432 9933 5509 4000 1659 7450
10 268 1111 9478 2330 4121 8481 8986 8107 2698 9184
9 5934 6381 6562 1889 2561 5762 4753 2155 2902
10 8086 3731 3699 2285 5330 5384 189 7408 9648 2773
9 4228 5794 4992 7699 2092 3179 7189 9714 8499
10 6247 7267 1918 2642 9456 8702 8561 8201 2487 9404
9 9199 6966 47 4433 9924 5898 2283 8202 6470
10 1209 6694 8237 7014 8822 7671 6725 5664 6099 1699
8 4854 2782 9682 9047 9588 702 488 4900
9 5457 871 6567 4152 4235 5518 1077 5895 7393
10 4494 7934 7316 1524 8231 9788 4231 3703 1663 8365
8 9497 76 9100 4385 3056 7788 579 3688
7 4877 6062 9397 1554 2063 6306 464
8 2706 6974 967 4824 3227 8923 7744 6087
9 400 3090 2670 6563 5908 6887 4751 4599 8156
10 8342 8188 9376 5080 7926 3166 5580 148 4286 1153
10 856 2680 2031 4624 8565 6868 8828 2933 6465 6687
8 4953 5250 1431 7643 2162 26 8891 73
10 7768 2470 2893 3534 8995 5738 2923 4212 1354 7036
10 7811 9784 5502 2142 7125 3594 9997 2342 2096 2868
10 8902 5847 8194 4123 1474 288 243 4174 1341 2509
9 8292 1346 8115 698 8936 2405 1703 78 3611
11 4511 35 2173 2645 5763 9083 539 2966 5637 6817 6285
12 4379 6239 6133 8564 4840 5830 2749 2004 324 9664 5652 8572
8 210 7019 5094 6214 6301 7859 1542 4542
9 8509 4687 928 2263 985 5320 9883 4261 9146
9 3396 4788 2240 3512 5223 6501 8538 5176 1510
7 734 7627 815 1303 5373 2032 1300
9 7657 8448 6618 7659 558 4380 4140 8304 7968
7 686 1034 2406 21 1772 762 4054
7 6116 7094 9295 8998 9878 8508 7375
9 7319 7102 991 6755 2546 9659 3844 6769 9770
9 8566 7610 1781 8549 4730 8006 8622 8113 4277
7 6160 8820 7090 4952 360 6291 7590
6 141 3169 2128 7775 1579 2251
9 6630 2216 5626 5475 8170 1780 6384 926 165
9 156 9586 3368 43 5608 9826 4862 3959 4133
10 1755 6009 6582 3181 1033 7142 2433 1144 1705 7307
6 8298 3537 2071 5322 5020 1254
7 3398 7588 2124 5980 323 5470 1935
9 4074 6678 880 7242 8441 1225 6371 685 9931
7 7557 5801 1280 9540 4808 9756 5127
7 7078 2247 2136 9755 9765 6795 5873
5 6550 7490 7672 9338 3737
11 1142 1553 1944 3952 8010 80 1623 538 5098 7878 8331
12 3779 921 3773 582 7757 8284 5532 4672 4510 4678 962 4641
11 8024 9402 8798 4204 7546 5103 9903 8619 2822 7623 9312
8 5540 6674 6102 8121 6431 6717 9398 5961
10 6409 2315 1860 4857 9322 8344 4082 5949 7467 2650
10 3540 7194 6155 3829 2018 4436 3868 1462 7157 5665
11 1024 7663 2338 7191 1051 938 3060 7747 7520 4820 7986
9 5017 4274 2178 1551 9833 4144 2592 8526 3889
10 2742 9238 4072 9179 9894 1094 1818 1204 8666 6444
7 5465 3338 3472 2091 5819 5758 3033
10 6662 6004 7555 5380 2754 7071 2416 2376 2840 5244
9 4080 9026 6669 3682 6282 2894 1925 1645 2202
9 497 8506 1525 7277 3001 8064 1878 4931 7472
9 4657 5287 7000 6602 3323 6761 8249 651 4779
10 2774 7174 1323 7296 2729 8410 3081 6287 3229 6917
9 3527 533 3445 957 9152 4358 5660 2922 535
10 8978 1866 6066 9513 8009 7210 788 8838 9739 5232
12 1492 1273 6053 4832 8767 5347 3570 4548 4768 3503 441 5248
10 3017 7193 8464 7521 2368 367 1 8837 4735 1495
11 4648 4704 6473 8609 2461 2462 4773 9542 2819 2815 8120
8 9267 8167 7250 9453 427 3256 9058 3120
11 5161 6412 3453 876 2668 3363 1919 9599 9615 6994 4865
8 6634 3940 4345 2889 9861 6576 9567 2764
10 378 6946 9270 5181 4625 7023 470 5834 828 5753
10 435 4561 578 442 8851 4340 6146 6046 6405 6524
9 4586 8534 9547 105 3680 9741 1435 1654 7789
