4 3663 2634 9914 4087
5 4780 5221 5002 8887 2925
9 4032 2174 347 8729 2796 8941 9841 7899 3399
8 3171 2882 2484 8770 3173 1875 4594 7364
8 3417 2280 8135 1181 7804 5418 6246 7264
10 8833 7009 2216 5016 5536 5216 7533 7820 5885 2107
7 6975 1215 1743 4490 2444 7568 1154
11 4757 8189 7563 2729 4105 7521 7553 5513 8816 6405 4131
7 123 1910 6619 5685 6513 1397 7010
8 5360 3853 1216 5232 8218 5029 8096 7417
9 3430 9823 5631 7495 3358 516 5280 2810 7368
10 3508 4410 9525 1073 3397 6932 624 9018 4037 3810
10 8476 4819 8626 7956 1902 7100 2902 7362 9643 8799
12 8027 4694 947 9214 8380 9377 464 5275 5054 7854 3436 9346
10 2182 6754 7065 7310 1598 5276 5178 2623 7917 7414
12 6190 288 6338 1624 1078 4075 3045 8110 7322 224 9837 6091
15 8346 281 5292 213 5956 2975 5676 8485 8302 6141 9642 6008 5361 5987 592
12 2382 9043 568 2702 3029 5715 2953 547 5285 7938 8879 7234
13 2260 636 7682 8497 7425 9225 1714 8100 8682 282 9918 2217 7796
10 2930 3320 832 3891 1019 9813 6784 6435 8932 1648
14 9200 4083 8330 2891 4258 5651 8763 1877 6506 6673 4940 2668 98 5107
12 1032 4533 1046 9877 8720 5250 2025 5629 6159 4881 2719 5453
14 8339 5201 1797 8222 2546 1887 9849 8308 3909 2776 4866 6806 7492 8392
15 473 4145 4647 5412 7924 8982 4572 6555 351 5359 5386 2523 6542 2296 2288
14 4309 7359 1661 7069 1058 315 4908 9582 7223 5618 1533 9109 1596 6575
18 3452 188 5867 1402 8426 8901 5827 4453 1357 6066 1479 6490 1629 9748 1697 3059 6625 2980
15 8948 3242 6510 6670 7064 3178 9333 6751 121 8409 9452 8402 3530 8805 6906
14 8500 6948 9381 3624 6080 1978 3946 4820 5678 6271 4956 5392 85 3227
14 3412 220 9548 9796 9551 9715 8962 8845 4695 7319 9847 5674 5921 1627
18 4474 5171 6912 8526 4341 6872 92 2309 1845 8809 6290 692 7094 617 8574 4585 7471 9307
15 4976 5911 569 5198 6433 4806 4932 4173 6774 1454 1428 9991 2850 6279 969
17 8584 743 5533 9309 650 608 2742 797 3655 4222 9633 4437 8225 6157 5470 7774 647
14 6211 8642 1003 8900 2022 4663 4013 1718 3157 852 2467 7153 7021 1289
17 477 653 2337 9704 8752 3034 5346 3928 9597 942 8542 235 3906 4516 6865 4978 2388
15 1442 6556 466 7072 1223 8534 2453 6957 7490 4297 2067 2895 7194 3570 9138
13 1756 3671 8791 5411 9673 756 699 8363 2907 9786 8180 1508 7207
18 2874 4123 43 420 5568 6646 8707 3790 9026 9550 6858 737 7788 41 287 3769 511 4644
18 2135 9708 8532 7046 67 5854 4669 6526 9108 1841 4287 2329 1327 7805 4605 1298 2894 4659
19 4182 6600 5436 555 6409 6277 6210 4602 4776 4094 4859 8772 4608 6916 6305 9161 3422 202 6787
21 207 6756 5896 9229 356 7056 4943 8095 7591 1702 9519 3002 9335 6907 6415 3057 8744 5365 5988 2994 1445
18 238 9898 9327 9736 1413 1341 3600 6662 8456 9950 8084 6325 9423 4058 5021 6663 7559 6207
19 3782 2524 7790 4307 3234 5578 1352 5531 8336 8684 9331 8622 5936 2942 321 5257 3334 3375 5666
22 5262 9940 7650 2394 3300 974 9919 9222 1103 3102 1050 3089 7687 2883 8672 1396 4762 9071 2099 8307 75 2507
18 1415 4632 791 5496 9545 9300 3723 4815 5902 8965 6761 730 6573 8918 4775 5284 711 9212
17 8653 610 565 4782 3464 6438 8269 7095 9972 3800 3988 6377 5928 7885 3870 5823 4331
21 1595 9462 5058 1098 5304 9311 6471 5072 7271 9830 3253 8643 7600 1061 7517 9579 2737 4643 8387 5644 519
24 6765 1822 5478 4487 8728 6697 6552 1261 6048 3662 2292 5816 7168 9028 622 9193 818 8749 1705 9723 9152 9724 7260 6479
21 551 1961 8462 2096 4079 9482 6976 7237 9411 4414 9103 6443 3509 3861 2824 8032 5196 3279 1665 8629 6627
23 2417 6578 598 8418 8798 689 5045 4564 954 3609 66 7750 244 9965 4537 661 442 2498 6447 6947 8265 9558 5193
22 7324 2916 2195 173 6295 7105 1102 5379 6611 211 2449 2366 469 9318 25 8803 47 8792 2349 6952 3818 2504
20 1788 7607 883 901 6606 799 5426 2300 7626 8735 3750 8075 7440 7923 5870 578 2786 6898 4300 4964
22 1577 6152 9891 1575 8178 1917 7835 8859 5282 1249 9729 1231 6019 1859 9004 3948 5813 7741 3868 5240 8395 2423
18 736 4355 7910 243 8877 3246 8148 4340 272 1478 7659 9572 20 5398 3633 9354 2681 2451
17 7621 6866 9267 4520 7701 1853 381 104 2579 9819 7734 8081 2273 9188 447 4275 3082
18 167 7117 5084 2355 8666 2893 9595 2290 6039 9656 3572 948 7647 8782 7424 3021 419 1199
21 6032 1996 5964 6460 8482 4226 604 1613 6691 5754 4968 3712 7019 3727 79 8596 2059 7654 6055 4678 9154
22 701 811 1700 1639 9760 3127 8007 2342 8996 649 4439 4208 6108 3154 8955 6577 6169 1079 2431 1268 6835 5255
23 4759 9992 4442 9467 8878 5488 3686 198 2549 8804 5750 9269 725 3070 8243 6534 9353 7192 3758 1027 5042 3386 6491
20 6796 7331 1250 6123 1724 1747 916 1977 4118 148 748 7895 7998 5812 5527 1727 7537 2528 5486 3232
23 8440 1779 5116 6657 7891 793 4732 8558 5259 4074 5627 4305 5099 3749 9514 4270 889 5795 2371 8514 7540 6614 7527
22 2442 7976 2373 4383 6310 6768 4752 5463 1101 6923 9374 6899 814 9025 7970 8776 3645 1739 869 7775 9958 6148
24 6603 6488 9219 2323 5053 9818 4243 6378 5479 7676 6249 8113 5111 9102 6903 7055 6478 6324 2505 882 8640 7178 7756 7456
24 4974 7708 1407 8624 2021 7450 8573 3416 7363 3512 3004 17 4133 3000 7140 4426 1812 8068 796 3008 5779 1212 8465 8311
20 9561 4944 8717 7597 7032 7007 3152 9659 6760 3263 9711 5872 3688 4020 9347 7934 6142 9163 7887 4361
20 1359 2410 1166 9187 9 64 1625 5778 827 8275 1129 3424 8810 7542 7968 8062 6650 2565 6804 9604
19 7883 553 1433 4293 4375 9389 6998 7964 3597 160 6465 8690 566 843 9438 9645 4771 7502 63
21 8143 184 174 739 4785 3507 2984 8908 8054 5087 6126 8474 4012 4407 5882 6074 2807 7903 2016 2791 694
22 8273 941 5010 4577 2474 6213 8140 758 4653 1296 5961 4569 4155 3352 517 7050 9358 2556 2936 496 2084 4329
25 7006 8910 8569 8577 4174 878 2120 6719 5477 4027 5399 759 5616 4508 4029 9603 6909 1237 641 9064 4962 6598 7063 2149 9860
21 6815 7327 5390 9983 428 9448 7888 1450 5468 7372 4675 4283 732 9082 2211 5559 5774 4897 362 6730 3708
23 5832 8464 4393 8933 6971 1589 5803 9081 7692 9513 1006 6525 8030 7905 9905 1538 9900 6012 8037 9697 1099 7688 9895
21 8906 8937 4323 4454 3548 2743 5122 361 4016 7403 9682 8323 7602 1209 205 2915 8548 6810 4690 5208 9600
23 8709 422 3347 7349 9762 1292 1621 3400 8139 8973 260 317 9486 8633 1874 1594 8146 5950 6823 1522 4767 4821 3767
22 7191 4529 4566 1802 6145 855 8124 1376 7103 4686 2871 8102 2160 2454 978 2712 2716 2291 8443 9192 1651 7649
22 5815 6221 3647 4446 1680 2928 9664 7702 716 5139 8825 7530 5184 1930 5294 2170 3120 3030 5953 3808 8636 3595
23 8267 9286 684 6215 6750 3608 2656 5027 6837 505 4860 3252 3761 7303 1731 7520 4042 6637 8959 7004 845 9510 9577
23 2526 2801 8264 7869 7268 1899 9051 5577 5205 5415 3142 4269 8738 5085 5575 1375 4337 3993 3024 4963 2661 5738 3116
24 5233 7648 2439 2846 9562 3055 1585 5332 7779 8310 3378 7963 7366 1162 7897 3493 4412 3421 1540 6235 1946 4625 9700 6441
28 9251 3259 6304 3821 7374 7815 4021 3721 600 58 9325 2245 6725 6964 4670 9926 5449 8287 5571 4961 439 5729 3404 4512 6974 3444 7134 2436
26 9688 4099 9095 1865 4017 465 1290 5420 1436 9769 1504 6968 5554 483 7634 7669 8789 6782 9170 9962 2537 4998 5789 6561 411 5517
28 1387 5583 2263 9190 3122 3272 7931 6256 8191 4215 4090 8329 8370 8757 6110 9920 9167 632 714 6717 2054 9894 556 5621 6240 265 2783 1911
26 7566 3164 2992 5742 3544 4334 83 4343 512 2949 7836 2047 2362 9493 2987 2778 5402 5231 3668 4461 9650 3829 1185 697 960 6422
25 2351 1614 2771 8423 8458 5603 2426 7312 2632 7656 9674 5640 5605 2773 8252 3224 7717 8219 2275 5507 4502 3080 9556 8618 7641
27 4764 6168 676 2106 1342 194 5403 9654 9179 8142 9024 8288 7570 8563 3394 5203 7182 2074 3066 8788 4984 3074 2814 4254 8964 8670 7555
26 3155 3560 3275 7777 266 6708 3078 8413 5869 3525 7129 9016 4308 5995 9176 5180 7595 651 7508 3958 8784 9555 6135 7215 4347 470
23 9236 8471 7865 9393 7680 1749 7267 9792 700 1886 8459 2641 9638 5437 6583 1811 7972 6833 5491 953 9015 7534 7326
25 3911 5082 1689 7598 1549 110 1435 2502 4423 3983 6539 7437 8868 6342 9536 9201 1786 616 5747 1010 8317 936 9873 9255 6090
24 7894 1380 4639 1730 1081 7336 2184 3705 1552 1439 5648 7994 7783 4285 162 2588 4907 3237 9947 5375 1136 6264 5561 2518
25 3579 5516 2358 1898 8840 6252 8591 8332 5135 6106 5393 1803 5623 8136 6254 5657 7601 3842 951 7997 3403 9768 9982 6051 8696
26 2766 9568 2395 5587 9954 4638 3315 8350 9250 7739 4312 4470 8571 3569 6270 2210 3023 2115 2261 7930 5849 5317 4540 8631 6216 1851
27 2965 5705 6267 5296 3802 3794 7213 5689 3368 2151 9409 9471 6678 7041 2543 1570 5225 2991 3687 7478 7817 6960 3038 7165 8009 6588 233
27 5195 9790 8726 7605 5506 6473 8318 3298 7830 7001 6453 2110 2087 8984 8817 3296 9379 5380 7583 2667 497 2008 6496 8151 8167 9941 6172
25 9635 3851 2391 1194 8469 2802 2044 1262 245 1488 9587 3007 9512 8340 6679 1311 8174 6366 7214 2143 8768 9827 7936 2103 3143
27 256 4311 9772 1229 888 7390 7816 3839 7882 4902 3837 1611 3276 9749 1901 9341 5762 6636 9101 2751 1470 7463 3979 5698 5897 3554 9741
28 1691 3316 5797 7870 4828 380 1477 6989 1034 9365 9996 2278 5741 3184 3728 1164 3933 6852 5649 9637 6431 5344 9774 6755 8132 2956 2494 582
26 8044 6231 5298 2147 6280 6522 87 8035 8762 6492 5495 6394 151 3053 5518 6560 9523 5582 1762 8077 574 8771 836 5991 5065 1766
27 1813 5476 2599 434 768 1009 3018 258 2842 7681 9893 9998 100 1180 8059 1018 4336 4741 8555 192 8895 491 6371 6564 3188 6301 3580
28 1066 9454 1293 91 7045 1360 4882 7560 3879 5356 5485 3960 355 5335 1696 5363 2199 9903 6076 6011 860 6303 4890 2985 6639 977 7341 6014
27 6046 1152 8765 9856 4137 3130 6800 3453 6701 8341 7196 2564 8041 8947 7819 3032 8014 7498 6659 6713 3406 3840 7965 3472 6596 9418 1363
28 2335 6493 8204 1604 9540 9078 9006 5382 2370 4365 4112 5825 1652 6589 2073 3864 9503 8929 3351 6783 5526 4793 1473 1001 6173 8314 6065 3504
28 8543 1909 7151 9937 8834 2232 1354 5350 2116 6696 2034 4106 4261 7479 4245 1699 9610 2784 441 4746 6503 3197 637 2781 3913 4747 6202 2338
28 3169 7380 6509 8193 6504 1217 7878 3882 6098 4161 9935 669 618 6400 6958 1084 7945 3200 9450 149 7125 2311 2514 2904 9615 6149 2879 3876
27 1377 4067 8234 7715 3090 5878 8122 9455 559 5652 2697 3231 4924 2831 1153 8632 2434 7618 2257 7770 4682 9916 3062 7608 6179 7652 7996
28 7995 6819 4697 9302 80 8206 8008 8755 1128 9233 6208 2869 3287 6146 1955 3916 8405 3626 5305 9620 9032 181 6059 8061 7089 7631 5635 4419
28 8394 5245 4318 6284 1631 7149 2313 9660 5329 2520 2576 6432 5487 2488 7023 6900 4301 668 5452 1086 6053 1347 4798 7106 3092 9505 7839 5551
28 1764 687 7581 9884 9627 7436 970 7751 4724 9862 8722 382 3180 4207 9295 7285 7582 3395 7434 9086 8449 1633 4510 2618 573 4590 4556 6830
28 4574 8977 3951 6278 800 4229 8794 911 1490 5808 7615 9276 9776 3718 1729 6144 7567 3542 9953 6251 3940 5215 2487 1678 4256 4635 8753 5211
27 1566 839 3701 8872 7980 7240 7709 1948 5306 6439 1606 5013 8156 3714 1335 364 6840 459 6631 2927 3354 2749 2516 7806 1778 973 8194
28 4433 446 3855 780 5783 9989 1485 9035 2033 3470 7737 8429 7333 4886 1356 4558 5190 6273 5521 4927 415 3607 3345 8412 126 1868 2497 9403
28 3216 1312 8026 4607 2212 6727 7028 3167 4689 683 5909 2982 8373 7081 7433 4894 776 7444 9206 114 7354 6022 2885 1333 8195 3101 3826 7422
27 816 552 2228 8327 6000 2947 2590 8769 2019 6772 9297 6045 2662 913 2222 3980 9631 1277 1254 6920 1071 9388 6680 7718 9204 4576 4901
28 3384 8565 9669 979 1302 8876 8691 249 965 5594 52 5688 5931 8496 5866 7017 9859 6986 8045 6499 2990 7164 3457 1369 6626 9544 9404 1993
28 2711 528 5185 3746 2352 219 2153 5417 7623 8276 461 1591 3012 2455 542 6281 5728 640 892 127 5092 5432 5050 2809 6133 5044 2480 6017
28 8786 7251 4777 5860 4221 7330 6648 1919 4992 3377 8129 4240 4482 7143 9195 488 921 9468 5776 5560 859 9208 6798 1801 5591 8216 2157 9969
28 5500 8896 7329 8130 4200 6844 4889 9871 7459 1535 1736 5880 2663 1619 7821 579 8173 1529 1328 7523 8522 7544 3226 5970 7593 3857 5273 4188
28 395 5595 9506 9397 6379 1007 8335 5438 96 3535 180 7314 1850 5871 3924 4342 6569 9667 4196 6052 4683 1991 3901 5930 7886 5638 4171 8909
28 3210 5966 5997 3610 2375 1326 833 3303 664 5775 514 1640 2112 5179 4142 1475 9605 1447 7714 4369 6828 426 9586 1891 870 503 2406 3517
28 8152 6699 9408 1562 5637 5861 8089 3553 5219 1905 7172 7999 5078 3787 9840 1372 4505 5819 6943 8846 3601 6184 788 8240 8470 6537 6413 7690
28 5798 4507 5696 1344 6296 4579 997 2780 9434 1188 1458 2006 2757 8087 5692 1884 5625 9265 6316 2383 4531 652 3959 4954 145 824 9782 2007
28 862 6245 6778 3373 5052 4185 2538 4914 5428 337 5299 7795 9981 535 9532 3140 155 269 7301 8393 9124 4411 5633 2189 9444 4345 4235 1773
27 4634 68 2396 7485 204 718 1493 4515 639 3458 7834 4541 46 3768 4536 9205 752 5101 1576 5805 3734 3652 4268 1653 7348 9478 5410
28 7918 9131 5134 7279 9640 4874 2542 7401 7950 9029 1742 7557 4167 830 1156 3737 657 6131 1514 8202 3838 5660 1981 9563 4735 6266 9580 1211
27 6669 3482 7752 9520 8968 1525 3797 359 8871 4814 4010 6020 3900 8091 8557 3578 1878 4008 2844 240 2544 8928 9100 2901 2630 7162 2249
27 3873 9328 457 5031 338 1441 7675 1767 2011 6954 153 388 5422 3751 2787 5264 3673 9680 983 2046 1881 4274 8270 5717 5204 5707 5723
28 9791 5865 7060 2747 6112 200 8215 2826 4147 2967 1453 2910 4143 3539 9521 6934 1534 2934 9652 312 6 4320 4936 9030 6881 9573 2530 3555
28 3503 3005 7393 3429 6230 2068 7108 9466 6757 3753 3869 9070 9530 342 1510 9663 2347 1628 6661 7683 1449 480 4827 7470 3918 283 2155 6511
28 7609 8835 1330 2401 7086 9753 9324 290 5781 310 115 6044 8578 4614 4706 3773 5271 3658 298 3994 1716 1266 4479 4841 1655 2031 119 4965
28 5014 7613 7397 5714 851 943 313 7328 4696 1308 5214 6223 8321 6195 5920 9009 1945 9062 8408 9789 1686 3369 4688 638 6667 2881 2380 1350
28 5130 4170 2018 2289 3989 5064 6773 522 2540 4883 4656 5573 905 1252 8312 1432 5145 2575 4176 7486 9342 7713 4381 2105 9164 3970 1928 518
28 9371 2847 9166 1067 2239 9489 7379 1609 4684 8889 1754 2817 1706 3897 2492 8444 5061 3789 9834 9472 5932 8836 3998 1815 1263 7726 2481 7294
28 3877 3534 1051 4386 6027 3573 3587 177 4264 6690 4201 6006 3684 1225 8313 7208 7067 4233 1814 9399 7967 5017 5996 7705 3355 7246 6320 2594
28 4071 4662 4338 6402 7230 3318 3741 8793 2989 1849 9299 6365 4438 1645 2246 7373 7550 7255 9479 963 7666 6797 3014 6308 1601 7861 8619 2561
28 8078 7545 5967 1505 7872 2562 8289 2055 609 6414 9355 5565 5295 324 2700 3973 9088 8021 8748 9661 2405 4584 7386 9474 5736 1345 341 3642
28 9601 7179 928 8237 8651 7061 8322 3277 2998 57 6904 492 3890 440 3615 992 5047 410 770 4463 8940 9886 8197 7738 9765 8743 6737 7978
28 660 5955 6687 6623 4560 5307 2613 1121 2931 4612 8254 7221 8196 7350 967 4154 6855 7892 1974 6040 8823 7332 1404 8830 5918 1550 4353 8945
28 3123 766 89 5713 2101 9149 3110 8296 673 8601 6758 6387 6058 2974 853 1513 6825 1982 4036 6981 7342 6832 9148 3796 7900 6442 6955 9343
28 4616 1558 504 5167 3243 5862 4272 4497 3982 3147 1636 7200 2660 6853 9693 6132 9578 6081 29 3977 5120 6293 9878 5864 9542 5787 9003 4714
28 3198 9735 4628 1340 9675 5090 59 7000 76 781 1406 4862 5786 4845 398 9929 3788 4253 3413 6467 7048 5342 2862 9698 8416 4237 4586 2456
28 750 49 7026 7526 8249 9178 2946 1972 8038 1171 169 8529 354 8230 8703 5929 6070 2377 1669 4039 856 2938 5569 8487 3106 9410 4977 1635
28 820 9858 7439 4802 9967 771 8541 6567 5701 189 1719 958 8667 6315 5389 5458 4606 6880 7827 8888 3084 5515 2269 9134 9535 8228 9866 3540
28 9435 6935 1243 2331 4444 6515 546 8813 3095 5720 270 4727 7155 9262 1565 9432 5620 3294 3699 3910 7505 7121 5907 2959 4699 8583 9431 7049
28 5254 5354 7042 6990 8649 3500 7651 5059 6183 2080 2413 1517 5505 4946 247 5572 9171 6568 129 708 8179 4150 455 5391 1361 1015 5844 2969
28 7937 7115 1994 3170 8004 893 8369 1023 9008 7053 6905 3594 1563 9516 5469 3874 423 9948 7376 894 4877 6867 4384 1615 6269 1551 6088 3107
28 3766 8039 9329 4550 5843 7670 4130 5817 989 3963 4934 6649 6938 6307 8524 6913 4484 3498 3081 2627 3760 103 3072 696 2957 4418 6121 1637
28 7576 9304 7361 3625 6436 3785 5297 9173 7321 1135 318 8295 6802 8921 3337 3792 2486 2190 4265 4721 3649 8658 340 8589 2213 4875 5690 7577
28 3815 3126 9721 4377 2009 2020 8015 4109 3574 834 5980 1201 6608 8635 9623 4319 6838 2691 6360 1967 5667 8298 825 2134 900 1921 1177 7911
28 3968 9974 3049 6437 4089 4190 135 292 6291 733 4051 2118 4711 5722 7657 7665 9539 1900 4326 4884 1287 4973 9045 5161 5960 4832 6843 3952
28 8246 2506 1390 6817 5176 987 4241 5093 1456 1169 6343 4202 8674 8856 3115 1107 2443 607 6289 8203 3547 4346 2911 7837 2532 7315 2611 8385
28 5777 1398 4126 9625 2129 4356 6312 5028 9118 2560 7778 8614 4056 97 5563 1388 8411 3577 8811 9069 7477 7617 2848 3138 8978 1559 2952 3071
26 9428 3348 3777 5070 5839 1392 9570 7912 7732 7398 5494 8467 5824 4121 8169 8685 1834 8018 2571 166 7843 6633 1106 3529 9932 722
28 498 3410 6057 74 2071 1074 9964 7388 6026 1063 2315 335 2886 7943 3738 8664 7451 4242 6489 6139 4366 3239 8117 172 8582 7002 1150 4708
28 7148 4710 5868 1674 964 7316 5100 5121 6174 231 5662 2312 3068 7879 631 5641 4225 2102 3613 4449 8838 4664 9112 9705 12 4680 368 7123
28 570 2003 5244 1236 1160 1127 2207 2955 6138 7935 1701 2657 112 7218 595 1523 9085 8704 5607 284 614 5300 9557 2422 253 7856 448 1638
28 563 1776 3186 319 6359 1306 257 991 1960 1280 3065 157 1866 6170 3293 7141 3357 9357 2421 9569 9881 3208 3930 581 6153 4947 8501 1270
28 3709 3991 4327 7575 158 5 7513 5315 4831 7243 9979 5874 2645 5943 7673 2379 8300 6987 3935 4041 3591 2503 195 3510 9759 9934 5586 9422
28 6021 405 8052 7528 1515 6167 6393 111 161 8352 4603 5978 3576 7585 1190 6333 6071 8430 7339 2905 5408 251 891 390 9383 7921 9838 7187
28 4611 1753 3696 397 1203 662 3545 3494 3310 7005 7346 1114 4623 5242 226 4812 4763 2127 2605 3689 2856 5039 2926 2214 3196 6041 3148 2306
28 9488 2664 4703 674 4031 6893 8861 5073 4335 4538 6396 5810 6967 3097 5004 821 4038 1728 9285 4702 1820 7789 5712 3956 7655 4915 1793 819
28 9756 3322 6718 8381 5670 468 7863 8507 7809 6119 7514 8837 5331 5131 4604 6349 5576 4210 372 1583 9978 8979 2448 4895 24 950 2267 277
28 9440 8120 6275 4716 9590 7800 3228 6238 4179 4583 580 5727 903 8029 6288 2723 1992 1605 7862 6801 7987 8576 5615 2567 5734 8353 8360 1367
28 9189 5532 3278 8936 81 7691 3105 8815 2148 5108 7276 2581 2972 8425 2929 9875 8 201 5888 5172 4000 1297 2197 9713 4811 7951 2119 7174
28 4753 5895 1241 6580 6676 51 5592 8562 5770 4428 2589 1963 4146 9323 4164 9706 6199 2696 4731 988 8065 7139 8802 262 9788 6203 8750 3816
28 5046 2169 9484 7728 630 6652 358 7942 1460 1698 3923 643 1142 5971 4125 2407 588 5708 8098 9226 346 723 3521 783 3706 344 6921 8731
28 6507 3128 3919 2201 5619 117 141 3364 1389 7949 2014 5230 9588 5746 9169 1806 9566 7211 6109 1912 6702 3752 1518 8712 4840 6068 4518 7066
28 8733 1465 1042 164 9133 8000 8477 7257 4223 9072 4930 4578 2508 407 8028 4404 9083 1940 6373 2240 6477 8126 1857 5158 787 3936 2308 990
28 330 2140 4622 294 6551 9939 4044 8013 8677 9218 8509 729 4434 6953 1502 6734 1075 8048 959 3561 4624 5764 1279 9143 4532 4352 7764 1313
28 526 9136 9416 2013 1854 1694 8284 8821 7157 2354 5820 6175 3672 3641 6965 9928 4499 9644 6346 4920 3593 8010 2545 8777 8736 1798 5548 8891
28 9157 3099 6516 2036 1282 1238 3863 584 4546 9672 1409 6220 4549 3740 5272 9162 8379 6140 9386 1949 2356 6517 349 2065 3614 7518 7107 4872
28 5241 9811 5117 9494 311 2835 9526 5998 2389 7620 1892 5842 7909 9040 887 6528 7325 6383 9114 1953 8427 1318 809 5549 2706 378 3962 1672
28 7782 9850 4214 3866 3367 5671 5125 5301 5314 1799 7150 1507 1137 8990 8599 5199 9046 5672 3433 5034 7504 8101 2619 4979 2964 9524 5261 8516
28 5465 2139 548 1772 9899 8766 35 2136 4193 1643 1228 8775 3568 6418 6323 1828 5636 6571 4781 6196 7902 2597 7287 8527 8043 8708 8376 8305
28 9054 5973 8566 7116 6464 6186 8617 4443 7188 225 7532 831 5731 9683 9553 2650 672 401 757 5316 7754 6335 6077 8935 731 2088 2999 7008
28 4935 8778 2430 33 3850 5192 3194 5828 4288 6706 6924 2411 248 772 3967 2676 7193 6116 8853 1527 9686 2812 2264 7413 7677 1464 120 7850
28 9446 1285 460 1178 1923 3905 9231 5749 3892 6582 8605 4713 305 8942 7499 5040 8016 847 4899 1332 3691 5558 3478 9766 509 4026 4600 7435
28 2198 4660 6155 5855 879 9380 8067 9857 2276 7740 2837 4756 8999 9653 4595 761 4429 6067 8342 1586 9301 8112 2478 2828 8060 5948 9829 7697
28 138 8590 3575 5462 2755 873 3858 7661 3791 4440 9280 475 998 3343 1763 5150 500 72 6604 5194 935 8785 7263 296 8852 5686 2626 7807
28 9543 8432 8952 2252 9864 9921 5096 4591 4218 3026 1221 418 3204 1240 3371 9758 1116 2172 2002 8428 4485 4783 5337 7730 2094 6495 5256 3468
28 8404 8166 5881 8049 7679 2194 7629 615 6225 4504 8512 2428 844 9547 1783 2658 4492 4043 1578 6083 4846 7 242 9691 8510 6248 2976 2866
28 3590 7175 502 6889 3331 5610 9808 6630 4431 686 322 6187 3786 9122 7159 9999 2690 9779 9239 9125 8600 6886 3538 4848 8556 5985 6327 5032
28 2265 9951 1560 4248 9406 848 4095 4204 7345 4749 5006 3463 8860 4838 1654 3327 307 8303 5362 8212 5141 1658 3627 2978 5665 4360 4459 1227
28 2717 9988 1030 2000 6864 9241 2920 7097 7522 4402 5330 9421 5622 5248 6494 2133 5799 1087 5164 4333 458 4620 4296 7360 4108 7604 1393 7090
28 152 6425 4909 4926 5170 2161 3678 2183 7503 5404 7247 6721 7146 5540 2466 6104 9487 7027 9701 6314 9142 9319 5089 3990 9364 7220 9074 8002
28 7674 3899 8586 659 7022 7592 619 8511 4774 8939 3819 680 3461 9050 3418 3013 9156 9144 7083 3217 7904 5710 7933 823 3713 4450 8695 6181
28 1247 2482 1175 8727 2039 7876 1226 4456 6182 8338 920 2631 9560 6466 4035 7476 9901 495 7940 767 293 9608 8188 8902 88 4631 1543 9679
28 3827 9104 8890 9150 6826 5434 3637 8260 8855 2017 7290 264 5982 6617 2181 7510 763 4206 1775 9369 4651 9977 5091 2533 9001 4224 8374 4871
28 8595 8121 3258 5632 4942 9955 3427 5071 3565 4064 7554 2390 3981 805 4371 4213 8175 4800 4596 1366 8608 8457 3965 2628 9132 2089 9036 808
28 6197 3856 910 9559 5499 8251 1676 1011 2040 223 9278 9694 3061 7167 3674 4328 2419 3884 5986 9911 5807 1072 2363 8739 5677 6356 806 3451
28 2202 3907 682 2499 4194 5704 2078 84 2643 1126 3812 8149 914 5114 2108 3319 985 6827 7070 6549 1324 8357 2669 2437 8818 6222 7991 9912
28 8546 3681 3405 6618 2679 5425 2243 2629 7753 2887 5200 9414 8807 2970 6545 1391 325 2988 6054 9401 122 5626 7302 8998 7169 8706 7524 44
28 4077 2795 1138 6764 6572 2320 4822 1329 5249 3926 5075 3108 1416 7558 3046 7225 2208 2898 2361 7454 9259 5088 2553 1112 8058 7616 1939 4913
28 7849 957 2841 589 8263 2525 670 6666 4833 8665 2833 1314 1530 623 3939 6714 6512 6712 5655 4618 6788 7506 5745 1922 9402 1989 7619 8192
28 5057 6770 7011 1025 1174 3341 8874 9067 1085 3685 6945 3747 9232 5026 3085 2270 4451 3445 1159 6645 7736 9306 6911 1951 3015 9805 1975 65
28 1386 4701 8781 1053 5102 4734 4589 550 373 532 1244 8390 1914 1726 7102 6380 2593 1161 3325 3621 2192 9199 9639 8923 3022 6593 857 8520
28 1660 4476 5945 9461 3724 2132 2509 4376 5691 2551 5104 6362 4955 4493 6695 6247 6937 5328 9722 712 880 1337 4138 7791 1943 8880 1288 2789
28 6430 7173 7845 3346 3513 8687 6160 332 7443 3241 585 917 6644 2798 5464 6689 370 2827 4216 1703 206 18 1580 2203 7280 4995 3308 371
28 7402 7244 2775 8991 0 4247 1427 9363 2867 3456 2004 5191 4139 9852 5394 2026 2726 3566 165 3189 3862 8163 898 2177 8779 3943 5110 8981
28 7735 8934 69 5151 9719 5912 9745 9310 8262 2286 9116 3094 8787 9598 3639 3043 9266 7762 6193 5788 5364 3726 3586 2721 2731 8987 4197 3474
28 90 2384 9268 4858 5759 8518 3156 7455 8602 3273 907 4919 4157 9252 6786 1117 2029 4742 6789 8822 7716 5414 7145 1481 2865 8533 749 9687
28 577 7343 4773 4957 7769 930 3297 1735 4885 1692 8894 6651 564 5497 2977 7242 6996 2671 6653 7248 2899 9480 8138 176 7814 6642 6370 7658
28 78 4581 6234 6410 837 1198 2774 6979 230 3313 3670 7059 3284 9458 7509 8886 6624 1832 7438 5419 8291 9518 6682 7959 8473 7497 7113 2162
28 5370 5934 4917 6563 4718 1373 760 9186 1971 5238 9247 5974 7288 1482 4332 8221 4740 1213 424 6777 7780 6536 885 7224 695 5702 2095 5593
28 3922 3505 3051 5181 919 3205 6747 2281 9126 3835 1920 1952 9824 2077 7757 1571 56 5340 8233 6127 6043 3365 4022 6391 1005 9022 2962 1115
28 5388 8073 6250 1926 1600 8714 4104 7467 1420 8638 7304 5601 3606 9092 4599 7118 9060 3389 1713 9047 386 4654 9611 3372 6870 6107 5684 1687
28 7794 3775 5965 6910 2746 813 3479 1151 9437 261 8967 8231 3136 7792 1029 6591 8597 8283 3129 5539 6962 1581 9511 1733 28 3206 2875 6799
28 1048 8983 4751 3060 931 4867 1750 4358 8001 2064 5802 7419 4990 6814 2314 9464 3585 8761 7171 5737 633 1848 7217 4534 4787 4405 1844 6641
28 3256 6871 5585 3667 8463 5439 7745 7135 8153 140 5162 7712 1838 9716 7385 6078 9021 8034 3088 1471 2665 4876 3793 7137 7469 3676 5381 2896
28 7662 9764 4057 2293 6073 4788 8679 7981 5769 3481 2725 4019 4344 237 6388 2666 99 9564 5541 4070 2625 2402 6035 1026 4102 1381 217 8127
28 8995 626 6482 8980 4050 3036 7719 8506 5159 8974 1647 5309 5290 3415 8883 1353 8688 2821 4570 6050 801 6232 9230 4982 6031 4445 9508 105
28 3387 3181 7120 9636 2768 1787 2298 3480 8042 9317 715 7873 6809 603 4723 5804 4424 1536 6353 2070 1286 2460 9801 6285 5893 1755 8676 6592
28 4052 7539 9930 1608 8277 2279 9565 7227 7111 7727 2062 7282 8956 6735 7962 5067 3896 3067 4610 9624 5357 1656 1426 7685 4220 9684 4462 5155
28 4189 9718 665 1429 4175 1133 745 2687 6535 6037 9593 2948 5905 2811 1873 5718 2015 2951 6334 7273 4299 9726 1823 4554 9275 1041 4267 3135
28 3233 1062 3149 9806 9907 2873 393 1770 3420 841 4140 55 909 4448 7013 3599 8843 2806 5733 7262 5421 2932 8071 9305 1183 7128 7457 4571
28 7487 1520 3702 8266 5596 5639 9798 1980 5530 1309 5289 9490 918 7099 6072 6698 7206 4406 9671 9626 2344 2458 8280 8382 6848 6501 5286 1869
28 8364 5077 968 4144 9391 1592 8828 1532 8689 4720 3134 9287 3003 9091 7184 1057 6884 912 3261 591 4159 6095 1979 3469 8104 5234 2491 3274
28 3511 5535 6857 5794 130 3953 7482 4677 7572 9394 4524 1837 7672 8976 8721 5450 6156 6540 6306 2200 7079 7961 807 5891 2958 7391 1966 7101
28 9589 1807 2459 9076 3283 3267 4183 5916 3203 190 6412 3262 521 3515 6763 6601 4617 7725 2287 9419 5899 9465 3255 8795 8930 2180 2621 5319
28 8579 5613 5555 667 6313 9549 1677 8050 2158 2680 8466 7068 1880 3635 4180 9261 8650 8882 7763 6991 8702 1780 1684 875 9237 6468 5743 7913
28 8407 8447 7183 5461 1758 53 675 6395 8256 4306 4542 8253 2325 9068 6484 4199 8550 2527 6565 7898 2425 1033 5385 3822 7241 1334 1463 4073
28 3611 773 7569 2971 7867 4391 4530 5433 7927 3158 1519 5490 4921 9502 7941 7589 4098 5581 5732 3344 6607 9387 471 7040 2598 6381 7971 890
28 5482 2069 7253 6925 9754 2236 408 456 3326 3711 1679 594 4374 7355 8106 9370 3806 7035 3495 254 2714 8773 255 6724 7410 8537 3245 4778
28 3153 854 6459 3680 4553 2868 9107 9853 1120 6364 7195 8907 9303 3695 6375 4637 7556 9066 2945 5003 599 8869 5338 4203 7269 8719 3447 2694
28 7633 4996 6474 6876 3091 7538 7369 5512 4388 4818 8857 4284 1044 6811 5993 3828 2845 4421 5643 2445 1495 4738 3031 246 7051 1343 4772 4409
28 4398 9037 1014 2479 4152 4627 5079 9395 6615 9084 4864 7291 3286 3563 529 2066 4081 863 9923 982 1469 101 3109 7823 9345 3414 8208 9000
28 602 6785 416 3903 5826 9263 9537 8494 8365 4025 7037 3146 2610 6025 3269 7948 3692 9681 3971 6877 9709 5927 19 9843 8881 8905 5709 2732
28 5846 2005 4535 3845 8250 7406 956 4348 4888 7131 1395 3131 9651 1761 5972 1830 3437 2130 6403 9647 3329 8304 1480 438 4198 7250 11 735
28 6683 2954 6664 4896 6922 6816 7988 9994 1020 4292 3407 527 1294 6228 6846 9098 9427 414 5098 2333 326 1748 7548 9245 9433 8742 4681 6339
28 8183 3765 2933 8701 7842 2838 7441 252 6331 6097 7847 4153 39 8899 5611 6345 3271 1616 1537 5957 4911 3017 4528 7311 9348 8165 2616 6390
28 1364 5511 2858 6150 8820 5542 6519 541 36 8680 597 4519 2685 8279 8348 1840 3814 3552 3824 6336 1582 7749 3307 2336 196 3583 3083 3381
28 1579 5467 4937 4046 2049 5435 9795 3715 5429 199 1045 2897 2404 6749 7114 7431 494 3805 1732 7635 9946 7535 7686 142 4403 7480 2063 1305
28 3860 1734 3867 5148 443 740 606 6419 6163 4527 8652 300 6063 8255 2704 5373 6977 3571 2321 2420 1561 1077 3230 5765 4468 7731 3328 8479
28 596 1805 16 2343 4181 3541 4315 7660 5975 1792 5963 9739 6143 3393 4128 8713 999 1403 4648 5186 454 2816 1251 1663 5243 7512 3527 2834
28 1826 666 1752 2583 2554 9378 1197 5448 4722 8737 150 4938 3176 4792 5906 6287 7525 8115 6684 3646 3096 1054 2692 583 755 2602 742 9746
28 7822 6257 8386 3781 3762 5005 4983 147 385 9571 9172 2477 3069 7190 7531 9809 2686 8384 2759 4633 9453 8190 4693 9405 744 3244 1234 5143
28 1271 9366 9785 627 7381 6049 9184 2403 4500 6224 5852 7612 8109 5270 8031 1927 1673 7500 5628 6739 4475 6839 9271 7565 8209 1110 10 2884
28 1143 5041 7475 479 2037 7430 4076 8913 8488 5278 6705 6927 4316 4430 259 9279 2981 367 4113 2364 884 8186 9944 1384 2196 3133 4613 2483
28 2648 1038 5492 5545 1049 1283 4298 4472 9495 9781 4370 7536 9012 9952 5137 133 7104 895 6462 3886 4496 1906 1584 8259 549 4770 7627 3338
28 9211 1130 4259 7458 2353 2221 4948 5863 499 7202 3402 2857 3795 412 1936 8796 5268 955 4103 8491 4498 5697 4668 2081 6831 8326 8433 4255
28 2414 5049 1712 487 1675 3139 7158 6634 9235 4953 3304 7305 1000 3020 8435 8639 3132 6502 8780 6518 5617 9922 6469 1394 5283 5892 4849 8451
28 1492 1424 8134 9352 8445 7637 4486 7748 9376 4101 2705 7860 9217 6398 7853 9312 4970 5081 524 2592 2277 5933 8344 9602 7799 7152 4981 2041
28 7511 5324 6363 5910 8575 6658 975 7916 3742 3431 8347 5782 6892 278 369 7564 7546 5806 1291 2997 4863 9938 4755 5019 6533 940 1503 2587
28 6980 3630 9755 2614 5456 4573 1430 320 3192 5687 1668 7776 1182 8552 1544 1847 5833 8378 9712 2283 2226 6079 8133 3945 7507 8064 3221 9063
28 9662 7984 5127 1278 6177 3118 2609 9892 7163 8483 4163 8047 5347 2675 8842 1774 2032 4148 6594 9140 2299 9337 3428 7797 7599 9574 9013 1497
28 9014 929 7222 4122 6635 8547 3291 949 8711 3934 7664 4262 5951 822 1214 5080 9845 4011 7058 2348 3211 1122 2219 2727 3820 4187 6685 944
28 4922 7611 1809 3620 8417 1904 7356 1310 1248 7473 7706 644 986 7025 9002 6742 7212 1173 8226 9473 3976 7825 9234 6805 137 1765 5937 4685
28 7277 1938 1425 8227 5537 9130 7232 15 9121 5396 576 9889 4941 301 3849 1870 4748 1068 9264 1351 478 1903 2045 8086 8452 3843 6194 2302
28 7313 2607 1339 747 2469 4415 2966 221 6616 3556 3340 790 4844 9703 1962 7884 3054 9326 3137 9011 5060 9641 4854 3564 728 3438 1281 7281
28 8085 3235 4436 6351 4005 9165 8410 1836 409 7765 6711 5311 1630 6192 2944 8137 9959 7044 2125 5378 645 2754 9730 6087 7826 3052 6458 2471
28 9038 1060 1499 7986 3744 6421 3332 9909 5446 437 5514 753 6354 5000 6612 9135 7298 1094 5443 6134 8975 8217 4836 4359 3475 9137 2035 4563
28 1204 352 8919 1417 291 4278 7412 1944 1064 5510 7875 7906 2178 5834 4985 1483 3700 5220 9609 8732 9617 6204 3113 5123 6505 2515 562 2317
28 2652 7639 6729 9646 7744 5574 4252 8006 3151 6538 9044 2843 1207 4945 6590 6352 8371 3382 8489 1894 4080 2889 4149 7829 5236 8271 4786 3964
28 8551 8961 8927 128 1745 6869 4302 1821 9851 2595 5793 6707 9855 9618 6010 2682 4918 7586 4676 14 5484 285 4861 2733 765 9291 8559 5007
28 1641 5944 9117 3302 7481 6374 3898 7668 6411 5163 5739 8641 3908 3336 7939 1459 3449 8436 3894 1496 2462 2341 7881 8199 8331 9429 8525 9105
28 6845 1831 6214 6258 3350 3518 9816 1095 1412 5228 9183 4452 4117 8398 413 2030 9689 4212 6018 5451 6298 2683 5519 2187 5790 904 7231 7133
28 1109 688 6347 544 8003 9817 4227 1055 8958 9943 1777 9531 1872 1526 1172 2121 3730 5962 4276 7033 6075 5642 803 302 7127 2580 3809 5445
28 9282 1125 2418 2472 2141 5313 8957 9338 3865 2646 2513 2100 9332 3290 5063 9844 5994 4779 9283 6530 6940 5493 4879 3165 5009 4271 8236 6061
28 2563 336 4458 7084 1907 7721 5796 3651 1317 5035 4544 1934 4132 1467 3441 4177 938 4700 1789 7428 8056 8403 3163 8535 5372 4063 6164 531
28 6392 9194 6416 8949 3707 309 6753 2301 3644 3489 5879 7091 384 4295 3011 3317 7588 6450 6350 1047 923 4837 829 6260 1378 9828 6762 9094
28 3353 2452 3656 2 9052 8613 1462 8281 9356 6128 8593 5508 5440 3174 2316 9160 7696 7012 611 4737 4843 4704 7578 4842 463 6949 146 5538
28 8450 993 7694 3694 5534 8261 8693 9629 7185 690 530 4652 1256 7284 2052 2852 6024 5761 9902 8422 3370 2695 2319 7357 3485 5358 1957 6704
26 1711 5917 9632 6237 1659 1612 8328 3086 3398 8391 5124 4002 7404 924 6908 376 693 8759 9734 8171 4372 154 6771 8715 6632 5320
28 1139 2736 7442 4636 4096 5925 6361 4363 3546 7400 7432 9228 6665 9367 1885 4761 7378 2111 2113 1338 7170 4234 4729 3459 3366 1484 7747 8114
28 7216 5156 3201 7323 2126 3114 4969 3745 9451 9737 3229 8824 9628 1796 4382 8066 1146 3514 9666 3073 6376 8319 4389 864 9210 4561 8092 4707
28 4980 2785 9224 3764 9915 792 5218 6978 2552 9835 7352 1915 5441 4511 7043 3889 6841 1383 3799 5174 4557 7628 867 6086 2510 8916 3931 9731
28 1574 476 4994 5345 1275 8699 5680 8663 1165 8176 6244 9583 3487 1218 1825 5442 5579 3390 4160 533 6726 1013 4321 2521 5043 3966 3098 77
28 4049 1191 5984 4803 4217 3811 3557 8108 4116 6274 1620 3532 1039 3743 3817 3846 8337 8826 5427 6544 8560 2741 3213 2432 3359 3596 5038 3852
28 3288 9861 9361 61 5349 7699 8053 6822 2154 4621 2233 1883 9634 2924 8931 5913 430 6716 210 5730 3047 4555 9567 3222 8229 4209 3710 4552
28 1817 1348 2813 9732 5310 6681 4030 4673 2960 4898 4657 5083 8611 6993 3251 2082 3477 4317 6629 9483 5037 8414 7975 9449 8164 9244 6404 8819
28 5557 9202 3987 4186 678 4495 8634 9439 484 1725 8904 7462 4124 648 7983 1405 3321 7844 9290 9400 6963 2229 8420 786 6733 8247 8024 6189
28 9111 8504 8903 4115 8829 6348 8681 3335 4004 3675 2511 1233 4435 1002 4892 8604 1056 2739 2372 7758 9469 5252 7848 7226 37 2709 1022 6029
28 9155 2864 3693 3027 3044 5668 4249 5066 4001 1760 6752 5105 4413 1986 7334 5694 4667 8686 2235 406 5606 5202 2872 9630 1195 8396 8647 9221
28 6229 2297 5209 8481 3844 462 2912 6446 2142 2624 9973 3925 3191 9497 2262 5367 4829 2251 802 6807 6946 2839 3776 2461 2638 9277 9971 966
28 4119 3075 9727 5653 26 4279 2756 5182 7667 1547 6738 3887 7610 6914 8159 6454 8448 5894 3199 1461 6743 3499 4525 8116 2128 7684 9775 5589
28 6638 8017 1818 9592 9115 2218 8924 308 5312 5074 391 6171 5327 4582 9057 4547 3584 7112 8475 4750 3408 7420 7818 5719 9020 1626 8585 6969
27 9246 9695 7695 7636 4151 9777 971 8201 4110 5397 1419 2050 798 865 6082 7491 2206 6384 8758 840 1284 8922 6769 218 4014 6576 9784
26 7855 271 7449 4629 706 6500 6523 8628 6862 2255 2825 116 9833 1494 2010 3657 2387 4033 4609 6894 6420 7461 8606 621 5473 4916
28 1408 1704 3333 6983 2339 899 7296 8460 8700 3774 3484 9780 8892 4835 4551 8168 5187 5614 241 8767 8508 6101 4548 5851 7908 7272 5681 3748
28 9475 7427 7720 2152 5898 1597 4018 8954 2429 4880 5012 2909 8294 5766 6206 8278 6915 9800 3801 6226 2224 7813 3666 5979 433 1155 8951 4367
28 4794 2649 3519 5940 304 2519 2359 2745 5772 5146 4055 6847 360 1206 1303 1829 9334 8621 9668 2653 7210 8800 7057 8359 1506 2612 3559 3661
28 9284 9584 5529 9139 9761 2058 6036 7278 1253 5763 6268 3362 8862 7645 8616 2900 6941 866 2464 981 1088 1336 6529 8069 5735 8241 5845 3159
28 8858 1556 3640 3932 229 721 2057 8970 3281 2470 8528 5133 7407 9728 3356 239 5600 2903 8675 2888 9209 1265 8839 1043 8301 7092 2250 6688
28 2870 7015 417 663 3380 5654 996 6874 4931 1089 8437 1618 6178 6429 8185 7973 178 6741 7199 2326 2740 6487 4649 3077 1455 2360 575 2123
28 1040 7014 1964 1239 1969 62 4350 5168 5935 9203 1431 5175 1709 5811 6085 1650 6486 8334 4420 3220 7493 7236 2684 6736 6004 7977 1947 5466
28 1196 1113 9752 4408 3755 513 8581 8274 8025 4401 9677 8801 9906 710 6457 2617 6147 4129 7353 6476 6527 5444 2072 4646 6901 3161 4097 2659
28 5503 5886 5598 7773 6859 6309 4630 8486 1301 1104 881 6999 5405 3834 1489 861 7953 4865 2880 7562 2282 7156 1323 6842 6587 4364 3531 2254
28 3361 8513 2048 3391 4817 8564 7896 1603 7703 871 3603 642 1524 9007 2465 1321 3807 539 6302 1623 1157 7594 6317 2385 9398 7852 2493 1315
28 2038 726 7871 1737 9980 5744 9223 8182 1242 2558 6033 2122 1069 5106 5352 5847 6272 1418 7130 775 9717 1931 4023 6165 7452 7810 8986 8774
28 4466 5336 8415 7724 4400 375 73 5401 6084 7761 4687 1444 6585 7429 858 8963 5132 9552 4072 8023 1741 5841 7283 506 2284 6532 5877 6546
28 1365 1134 2693 8841 4455 5251 515 4282 2674 9314 4158 7811 4565 1320 228 7308 2973 4120 3602 3466 8181 1997 4593 7453 1800 5859 5481 3285
28 4107 9248 5941 6640 1205 6407 1210 4314 8368 2027 1871 4929 7039 4290 2412 5768 510 7549 1744 2500 7919 3063 8519 481 2023 316 2285 8994
28 1846 4166 6151 8400 5153 7351 6445 7147 4304 2468 5857 8920 5253 4325 2176 734 6188 6918 1163 9372 6386 777 5048 4471 1224 6120 8161 6158
28 8207 8740 1816 1835 2860 1855 738 4795 9272 720 2415 3330 5279 5291 8145 5830 709 4986 7077 6451 4059 299 8866 3996 3112 9293 9968 946
27 7606 5149 1531 7020 9836 7203 5457 8812 7468 4559 8917 6586 5281 3124 143 9207 6100 2193 9077 6124 3223 6103 717 1916 7841 4184 8351
28 4805 5889 2604 3476 3612 5968 2137 6985 2642 4134 4003 8723 1693 4728 8505 7596 6367 3771 9185 4230 8051 1511 1 6775 1202 5599 5609 7474
28 3628 7395 5213 8297 4034 5901 6427 7840 4385 1759 1304 1118 560 8844 403 4294 5752 6166 3567 2792 7640 7446 4024 8160 2268 9330 3006 9770
28 671 3179 3772 4769 9079 1267 1740 1521 2450 6218 7993 5838 8123 8245 872 5699 8536 6829 2534 5152 9757 1918 5773 5094 8521 8660 451 4923
28 1572 42 1942 1893 5206 2205 60 1794 2840 9648 1149 8005 4457 8238 4679 4281 1723 5661 6882 1642 2204 131 7160 3617 5339 7252 5809 8272
28 6428 2636 7047 6597 8971 5740 4650 1059 5726 232 4672 6550 5183 8150 8147 4047 4028 778 7838 7846 8925 1968 3677 1710 4464 6118 118 8567
26 4830 4349 8366 8850 7394 8745 3177 9773 185 9182 6919 9949 9368 9793 2124 7990 4425 1457 4972 1200 4733 5173 3467 7772 7722 8694
28 1599 6720 5334 8797 7384 7543 5724 5784 4465 5406 1193 6385 9375 4178 1889 6997 8455 2577 4855 234 8827 4816 7052 3214 3041 1295 4422 6038
28 7382 9498 2332 8286 1410 5400 6995 7299 7960 3770 1671 8213 6191 2539 9249 3360 8248 6483 4280 6792 374 9065 4615 4580 3664 8187 2585 1791
28 3187 9215 3247 8125 5938 9019 6973 1448 8966 8754 3871 3520 7483 9420 9917 7824 2416 2730 2615 2369 8867 1346 179 1827 2109 4959 6660 4592
28 6423 9360 6671 7358 4480 779 6746 1784 8022 8377 6328 5547 7767 2647 4906 71 5716 5646 5546 2043 186 7306 1509 3589 4339 4789 537 124
26 9168 8184 2086 4797 1924 6961 1124 3009 208 9880 9720 9575 4658 1176 1879 2185 2979 4810 4790 2427 9865 9869 4526 6647 9527 9799
26 8315 5147 9826 5952 5237 4834 8046 6007 4478 9362 6609 7122 1908 5395 7300 6137 4488 7832 9048 543 8648 2572 3653 3349 3048 9481
28 2378 5524 846 9747 6928 6092 9129 7723 132 4387 6854 8358 1708 1548 1867 4100 6337 1358 8490 1382 3880 9294 6259 366 6887 4380 937 5489
28 8424 9872 8299 6931 656 7922 3716 6452 236 7347 1258 1555 2799 2028 6574 7928 5791 7877 1147 1498 4351 1567 6180 774 7920 8079 5873 4999
28 175 6812 3496 8657 2365 1976 3735 3455 5022 134 4809 1602 5189 6856 3825 2913 9158 6836 5076 8210 1632 3915 1843 5624 2703 6358 396 8070
28 4065 9213 7946 1768 6294 429 170 2051 3917 3079 1368 1167 2601 2722 4489 9090 2188 5265 8362 3376 1973 8671 5165 7445 1031 3141 486 6972
28 7653 2996 4246 6879 8080 1100 1422 1220 2569 3225 8673 106 8154 1083 392 9771 4168 9750 5840 4851 984 5409 5590 6628 5989 8198 7274 7154
28 8946 7760 7297 4236 8399 1192 9042 3268 5226 7408 2770 8741 7693 8040 7484 1557 9821 4266 6176 125 3942 7365 6863 6984 1362 4905 9517 1255
28 3491 7642 3551 3460 8356 2963 9621 952 289 8594 7375 8478 6547 2707 6344 9056 995 9812 4127 6449 1319 6621 9426 7447 3526 2566 9181 5543
28 5634 482 5097 2793 5914 6382 2578 571 7974 7239 3299 5822 323 3813 203 7423 2935 4873 7370 1145 5095 705 5792 6209 2345 7729 3957 7399
25 6891 8383 8654 9787 3582 7625 6794 8831 3439 6675 9153 6715 3379 972 4988 6813 3314 8610 8158 8155 136 6917 6028 2367 7460
28 4768 5703 4392 5903 4481 1863 1016 2167 9546 2794 5748 5969 3215 5384 9842 7802 3631 6321 3895 7573 3736 7266 2476 3450 8637 9023 6821 6498
28 4447 698 4068 5612 8884 9963 7110 6286 1888 2961 9658 2230 2547 7275 3434 4952 7831 9390 3927 5958 444 9396 6401 3270 8157 9924 7746 9613
28 5645 3516 1956 702 7969 961 7295 215 2024 8257 1222 8911 6236 9885 8944 4062 452 5480 8538 3010 1401 7075 4509 9534 4513 2764 5922 8554
28 2993 2091 523 7496 817 82 4739 9825 6686 2435 2303 5856 1349 5983 1371 3629 9359 5447 4085 8367 9846 8692 4939 5753 1474 1385 8011 1607
28 156 8644 9445 2496 8870 7985 9258 343 7866 1411 1028 5700 8988 2735 9089 6115 782 7630 5154 9867 9005 6896 7786 3729 4666 4674 1990 3634
28 9106 7828 3704 6001 7793 1021 3921 2253 2168 8615 5318 6622 9975 9415 9339 5068 5597 7082 2878 3778 3175 6521 2131 7624 7098 2688 727 113
28 558 4494 9243 2890 2777 5566 5416 7488 2608 365 3604 4289 400 4726 1688 3986 4136 2790 1856 9931 9794 1941 2490 3282 4007 1443 5459 9099
28 3265 474 6265 2512 5129 9606 9096 8572 4048 5760 9854 5023 8224 2522 9087 7766 1097 1667 713 449 8461 3885 6939 6834 3848 6818 7261 6722
28 3562 3025 4754 4239 9384 7249 4887 4394 2853 5274 1219 4958 21 868 2495 6951 6129 2171 2424 6426 3978 3650 2173 6700 7197 932 2328 2393
27 2995 7678 5383 810 3385 7367 7180 489 7944 2247 6944 8993 4641 9260 886 3506 9412 3488 3502 5015 6930 279 5981 4705 2441 2678 9802
28 3636 3581 4796 2876 850 421 4192 4567 4069 2591 5177 1657 2689 8493 1269 8325 4665 5584 339 32 48 1876 2259 3523 2079 3522 2670 9296
28 6570 436 3972 896 6283 3292 4903 9803 9622 4642 4205 6015 5659 1516 1158 2986 2818 3893 877 8864 7893 1858 4868 4991 1617 5814 3947 6408
28 3875 7205 159 2769 3295 5423 5883 8093 1998 8646 926 1307 5119 7209 38 6508 1170 7700 5923 2861 7085 9744 5217 9463 6332 9995 6480 1864
28 445 2517 9031 3592 5387 1890 2053 9961 3528 9936 2937 3648 7062 6185 5501 3490 7989 6114 4813 7646 7034 3257 7119 8105 2386 1954 212 849
28 586 8698 6154 7516 3954 1644 3847 8454 7915 6559 431 6824 8309 1096 6318 545 345 4045 8764 812 1246 508 1722 4971 399 5430 8953 9607
28 3236 8669 9743 7421 3264 5520 9097 3783 4975 1245 425 5502 4396 4997 5055 7958 8989 2724 6878 2761 7181 8082 1970 8531 9945 8515 6929 8244
28 5030 4671 2241 9492 5247 1123 6566 3486 6744 1895 5523 9254 7409 54 2408 1091 6326 9676 9373 9879 6355 4416 6136 9778 4698 7801 2075 2968
28 4891 9594 9692 4088 6655 8438 7742 5258 171 3103 435 8235 9883 1423 1092 3121 7265 297 7093 2159 1232 1017 4061 6709 8893 9349 7270 5269
28 3423 6227 9538 6610 3312 5112 540 2914 6554 3619 3830 9240 4432 7415 8499 6674 3975 6692 214 2568 5246 9649 1546 485 634 1958 3311 6397
28 7132 7030 6888 9459 8540 5460 9678 3443 9315 6994 4736 9093 1852 9500 2808 6693 8938 7124 4310 7003 1646 5011 2376 8306 2357 4354 2215 8683
25 4801 94 9868 2012 9382 2085 629 3854 4758 8211 1259 3166 5818 6368 109 3056 1476 9061 1682 9320 9904 7371 5915 7907 7947
28 6950 9960 2765 5475 1140 2042 1325 4655 5210 2710 2673 7054 4575 9733 4691 3144 6672 6728 8972 4893 762 6605 4427 876 3588 6654 4619 677
28 1472 1568 9942 34 3618 4824 9515 3019 3040 3100 1610 363 4857 8214 2877 5504 2225 5924 8333 8662 3093 7954 3309 8388 1500 6201 7396 1486
28 654 5801 1468 9336 2570 4784 3703 8285 8873 3654 925 2654 7071 394 3759 7018 8498 507 7632 4211 7073 8747 3111 5725 3168 8539 2582 4539
28 4467 1833 5326 7245 8851 4 2535 5229 5351 4015 4692 2728 6162 5900 8912 4040 7466 5550 1662 7238 7889 8119 8997 5431 2655 6602 1790 1937
28 2209 2381 4904 7235 7864 3462 9120 216 9599 107 6300 789 5976 1683 70 1695 5664 5800 2475 7292 4399 7465 3219 9080 3697 4135 4111 5033
26 2823 994 40 3524 357 9874 1542 572 5757 5277 9274 5509 2760 1929 8814 9177 815 536 6417 897 7644 453 3207 561 5227 8898
28 4078 6956 6982 4989 350 3763 6102 6485 9831 5348 2644 2748 7405 3912 5821 1545 9127 334 3446 3401 9810 193 4244 842 3739 6239 754 4291
28 5835 8372 27 7219 4717 6620 3323 3881 9504 1414 5570 9308 6472 353 1935 9501 3944 8630 2324 3961 7733 4626 1108 3859 1446 4257 7926 1399
28 4852 3756 5266 5908 3682 8282 6322 8992 9242 704 8645 8783 5355 8055 9529 7771 6780 8020 6253 1553 9119 4522 8612 1438 6579 3841 9113 6776
28 8097 2163 1512 3665 2330 1186 9699 273 6966 8293 1593 2409 9436 6329 3543 6060 30 7515 9017 6023 1569 4744 2392 826 1685 6745 9987 3202
28 8220 4760 2234 5008 7787 389 7929 2752 4587 908 7087 1487 9477 5424 2738 2322 7755 5235 9442 5407 8144 5118 8915 9707 8223 379 9509 4357
26 3363 9443 7494 5528 2715 4009 6016 163 2762 7489 3780 4799 4562 1861 3454 5848 1452 6895 5602 8985 7711 6311 6094 8268 1690 4712
28 934 6791 9887 314 9075 7689 9128 5829 593 1588 1300 8609 2334 2433 383 980 8627 8258 3955 5890 8661 8345 9596 3754 9897 9541 520 2374
28 4473 2146 2090 1437 4503 8875 432 6444 2138 9238 1322 8553 8441 5369 8131 5036 9993 2699 303 3162 9614 8397 3087 1331 828 9253 1316 3779
26 8849 9742 4397 5608 8170 8530 2144 9027 6099 5157 1299 7078 8623 8832 8960 2596 1649 1782 2398 7858 5471 3985 1184 764 6732 1738
28 9413 9141 6198 3929 5721 2573 9123 6677 1264 2677 6902 5302 9491 9425 6531 5024 7088 8355 4191 9316 1230 7389 2294 5946 501 5374 4791 6656
