3 213 242 141
3 271 12 293
3 259 156 265
3 75 256 206
3 68 59 272
3 112 288 94
3 180 282 10
3 296 185 181
3 152 126 135
3 285 196 106
3 0 114 119
3 95 243 101
3 111 201 43
3 121 98 104
3 212 127 96
3 216 11 219
3 258 205 154
3 13 16 49
3 161 48 25
3 85 290 63
3 54 244 170
3 80 89 131
3 260 214 151
3 284 1 257
3 249 140 67
3 233 208 132
3 223 143 153
3 224 73 83
3 15 245 50
3 226 204 207
3 203 21 155
3 116 294 276
3 148 295 42
3 103 289 123
3 27 70 142
3 107 146 197
3 273 39 190
3 162 19 35
3 241 177 292
3 281 14 160
3 74 217 228
3 92 125 209
3 62 174 266
3 150 237 138
3 133 105 82
3 159 287 252
3 236 283 71
3 240 178 149
3 113 102 97
3 218 277 297
3 298 69 2
3 37 189 247
3 32 78 215
3 145 262 77
3 60 250 47
3 144 202 158
3 136 198 61
3 227 79 239
3 18 91 81
3 87 171 124
3 164 58 139
3 200 163 176
3 40 157 5
3 137 188 20
3 269 248 194
3 6 235 238
3 167 57 76
3 108 23 30
3 72 232 28
3 88 210 195
3 41 261 192
3 129 128 120
3 29 31 84
3 182 279 173
3 44 147 251
3 184 220 186
3 110 90 264
3 275 8 254
2 274 130
2 109 165
3 4 3 55
3 168 255 9
3 26 45 278
3 7 225 51
3 134 169 183
3 230 22 229
3 246 117 52
2 187 211
3 38 253 175
3 193 100 46
3 34 93 118
3 191 291 280
3 56 268 231
3 64 86 115
3 172 122 199
3 267 166 17
3 263 66 270
3 99 286 222
2 299 53
1 24
